5521971693732
5571992362639
5555996137696
81985142468
5514988057282
5521975881543
5514997693318
5515997472767
5515997472767
5512991089711
5532984243874
5521996556877
5541995691105
5551984979123
33999218749
5555991361382
5524988060965
5516991109262
51984946328
5555996799503
5541988868930
5555999061704
5535984121253
5511958731865
5514997456752
22998380839
5577991733884
5561984554707
5553981417685
5562991761025
5519992908832
5513991649303
5567998117895
5571997341728
5516994191611
5541996694609
5517992861178
5521976235416
5534984444349
5571993494790
5537988274004
5535999358441
5566996945725
81997080034
5532999113604
5571993743879
5531992605239
5555991951938
5533999780043
5553999920838
5591980885562
5577981531883
5511996204771
5549999615560
5511982039765
5541996430742
5531985680086
35991692866
5511985763350
5535998030575
5517991315621
5516993130114
5549998216920
5534991886071
5511958458521
33999747729
5571992851665
5521992831758
5544997005754
5571981621347
5554984233364
5512991478111
5561986085459
5542998011915
5514988051459
5562994759797
5575992720863
5535992469314
5571993345320
5511985694308
5521981682835
5542998095222
5511986402268
5541998163294
5511995685163
5521985573814
5519991831298
35984771784
51995728319
5551991802887
5511989874962
5511945997613
5542984115266
5512988490603
5514997041112
5531988306130
5531983646045
5546999058775
5554991731826
5535998356738
5591988227902
5511951044018
5514996729447
5511940694273
5511980889620
5511991877861
5511991877861
51998455082
5545991575650
5534998300011
5514996326837
5553991304518
5522998419618
5571996330351
5521970364968
5571987112031
5541997010005
5549988617146
51980114628
5554996568240
5532988738185
5541987479414
5551996811581
5514998520102
5534999845063
5521991694855
5513997164310
5538988311109
5541997526674
5535987047121
5567996849499
5514997696174
5566984498221
5538998051612
5551995353510
5511994473308
5598984373337
5518997117442
5518991393566
5512981880572
51980654821
5511989932471
5511988808658
5513991641504
5511969029009
5516993047905
5511941386243
5531997103068
5551999946627
5551993169166
5532991123592
5511945785163
5511957188749
5554984162363
5516997495881
35992226468
51997329712
5519992267124
5513996402394
5555996271719
5531994062288
5514981267459
5516982019292
5561993803990
5511997876310
5521982547758
5512996751825
5513997548852
5521964651524
5521979493345
5548998653481
5524992013697
5519998994396
5551985751769
5513981732560
5531985136249
5554984083748
5531973456050
5531994674747
5521964956029
5522992194088
5551985450882
5555991371282
5554997082931
5516997983677
5531982448186
5531994965312
5561999176726
5531992385523
5555999416148
5519992650324
5524999911180
5519991898400
5521979406382
5516997524296
5511959839923
5516994079954
5515998081345
5543998649291
5541987371668
5511982483221
5551982241616
5554999895092
5514997778096
5535992113256
5533999967609
5541995715006
5537999646461
51994105652
5518991796568
5511997183494
552226212773
5522997821233
5511977682768
5537998057773
5513996092089
5522988360474
5577998141341
51998653144
5575999206443
51980130142
5555991273158
5521986542666
5511986903238
5554999932384
5522999978110
551152159658
5519993315650
5551991625664
5571987863919
5511954205259
5514981387436
5514997628914
5541995662395
5531971867335
5546999059456
5524998247439
5524999480540
5575999387852
5521994751811
5511946606120
51998196952
5561993338586
5524998510566
5511958224327
5541999354338
5543999795799
5544998077164
5518996947492
5518996180147
5511964558466
5544999882662
5524992215758
5512988575236
51986586126
5571988560880
5541985357646
5571982082080
5549999064046
79998581393
5511964176025
5519981894836
5531986037724
5531988975801
5567996881756
5522997500184
5577998041822
5517997422292
5567996356894
5544991076129
5542988908676
5531995611075
5515996986568
5511966552622
5531971123733
5561993967180
5535991591635
5531998223022
5519981878481
5548996727285
51980456346
5528999521635
5512988989889
5532999306146
5521973031515
5517997347928
5511963308723
5569993657201
5532988447361
5527997446208
5522997083700
5571988412346
5511971271630
5512991432614
5561985180410
5544997154946
5571987118230
5527998319439
5555999764395
5511977260966
51983417961
5562985528100
5549999958374
5555997354371
5549999209731
5515997153853
51991576164
5514998669133
5571986222908
5511950818322
5553991624299
5548991164656
5521991317197
5541987629036
5513997435325
5514996466206
5518996804033
5546999214634
5571986880040
5519989809469
5551999995856
5512997892489
5527998338666
5532984058553
5511945228834
5511933475150
5511997284376
5521984065284
5514997131205
5534991865178
5512988933834
5542999767646
5511948076817
5511957396241
5561993664922
5541996609137
5551985535285
5517997070738
5553991754484
3584255868
5528998861495
5524998172696
5517997291358
5515996594544
5533984597385
5531986183113
5511945218282
5511989040559
5524992029819
35991991931
5514996174643
5511979691635
5535997058840
5528999105189
81988896860
5553991738452
51993764884
5555997000738
5511980603583
5581984259515
5511985551918
4991426939
5519984284171
5532999782031
5569992777584
5521975867894
5524993012906
51992735460
22998973239
5511945440855
5535997599363
5516999923640
5535998960616
5571985103680
5524999391089
5531996965761
81991464612
5535999499179
5518997585527
5511943890048
5511951421074
5511959365376
5571986468945
5591981482104
5541995848017
5513996180955
5532991143494
5516996389559
5511971784981
5521964220041
5511963462803
5527999007748
5511953547719
5531995971996
5513996769838
5511982129149
5554984191775
5551981604709
5533999694874
5551993466044
5561993667568
5511950948008
5561993802553
5554991944107
95991421186
5544988198744
5541992139754
5517981393812
5516992194123
5511972382151
5531996950760
5551981878885
5542988074008
5511983967111
5517997350372
5514996620931
5553999750831
5553999287846
5531971484138
5553984753016
5538988563588
5541995243692
5571982728522
5518998108718
33998135257
5512974119208
5571993281659
5581996166281
5511949310605
5511950792854
5511995152786
5534997686528
33988663439
5547984952874
5512983184280
5516992394863
5511961668013
5518996800808
5512991700277
5511966357740
5537984055922
5521998670088
5531984281348
5531994565133
5537998351821
5583999331114
35997671998
5518996511099
5562984716212
5511971429174
51996100598
5524988086059
5527996362159
5515996135944
5561999292747
5542998502710
5515981809013
5544991364218
5537988546253
5531997271611
5561998400780
5591996188555
5521976048188
5519920011129
5555999606579
5522981723893
5511986889645
5565999109560
5531984202196
5571988621711
5514997004902
5519992131403
5541997007075
5547992028786
5511996001657
5518988154115
5521987986965
5531998900305
5571991290797
5571993356573
5531971079186
5531994518122
5555991539673
5555996230672
5514996466772
5524999200408
5528999788265
5554996726042
5524992258714
5554996269054
5596992012890
5516991804363
5524993060946
5517981219868
5515997714925
5531999370345
5564981074337
5514998037505
5567993326321
5518997716362
5511996194567
5579998110157
5524992329334
5553984397993
5547991891436
5562985385175
5516994172483
5514998513851
5547996743440
5511949863166
5514996873719
5541995674234
5553984770282
5551996550829
5563984112629
5521991377269
5521968386531
5571996062966
5519987155192
5519988028188
5541997064712
5544997217045
5553984372961
5541996659516
5532984661864
5532999242317
51995834537
5514998342245
5511953658048
33988973003
81998482188
5511966723421
5518996212186
5561999470766
5541995972431
5514981030477
5512988510220
5513997954126
5532988950100
51996125652
5512988443521
5511984580014
5577991085849
51997622229
5515991823570
5531986997843
5531971573877
5542988733712
551938417341
5554984499097
5548984744510
5543999184250
5521965744256
5511996263262
5514998970207
5511981152448
5522992874281
5524981249085
5511964414305
5542991344470
5515998560749
5585987264365
5535999303062
5514981588349
5511997740820
5531985069614
5531987418912
5511986621713
5598996137858
5575992899594
5585994047697
5571988043822
5512982287779
5561985450612
5521988370106
51982341074
5511982856329
5511963282482
5573991855834
5531998436813
5511963433840
5527998336313
5516993078135
5531987812034
5519994978567
51992007295
5551981801119
5511957192123
5541988628944
5511974691324
5555999063544
5514997658625
5513981336863
5519992094442
5554996275573
5532999763215
5511966694425
5514988086638
5563992193188
5527988719091
5514996858163
5518996294597
5511975158128
5511941653713
5571987333954
5519983554927
5531984364543
5511967804459
33988406590
33988406590
4988080558
5533991359312
5512997247126
5535997445814
5511995480076
5541995957198
5513991954810
5533998284776
5521981516910
5518996924138
5571999744402
5527992490065
33999429859
5531998420022
81996110274
5533984295152
5519997854961
5519997854961
5555999536885
5519992872420
5511966552511
5512992077625
5511982251503
5531996163626
5511983050096
5519993634261
5521984935826
5546988195915
5535997192179
5521968033297
5551995818494
5511950826638
5553984117369
5547996957327
5538998582052
5515997560875
5513981336863
5531971392029
5551991575481
5511999394684
5521997745285
5522998309152
5531987031516
5516993204460
5531995413705
5541987520543
5517992187101
5554999606810
5577999586442
5531993184741
5522998675068
5511986705853
5511997881264
5562992626036
66984149688
5524988820026
5524999378667
5571992980743
5571988709370
5532999210463
5542999173995
5532999038722
5551995950057
5511975027601
5519989519637
5531975777890
5531991648012
5514991527808
5555997007028
5511949226256
5511996859584
5518996721894
5527998506657
5522999635534
5511941402331
5515997350894
5548998144982
51999257476
5531999561247
5515997597775
5532999898675
5571992410594
5571992384621
5535998077766
5521968650760
5561992675292
5555999381685
5528999277155
35991972843
5514998399025
33999201359
5554999853974
5519991475121
5586994623137
5514997321084
5561995947424
5561991217605
5532984491270
5541996184605
34984131126
5551985098586
5515996545272
5517991261530
5543984078074
5543996587061
5535997284997
5524992773712
5537996717271
5541996653636
5519993896362
5561985668923
5564992512518
5541996154835
5514981048218
5535991712154
5532984564086
5515998053426
5511966628916
5591982832363
5521990571078
5585994081249
5551985751030
5548996502497
5582982357802
5571992907328
5535997032272
5554981681473
5538988232520
5571992790139
5565984030878
5553981300526
5521965740778
5521976198737
5547997410858
5553981039988
5551996871700
5511970609956
5542998488440
5538998254651
5577988490978
51996006870
5547997191411
5563981048167
5516988756922
79981411187
5562982262030
5541996609699
5548984849495
5524992288595
5555996515123
5514998698613
5521964110753
5585981958035
5511949280505
5544991338217
5575988923943
5524988231539
5521966803349
5511964900738
5521973633421
5542998701899
5531995638055
5522988471929
5521987772289
5532988166742
5571981203331
5538991639779
5515988276030
5531996482893
5553981582387
5553984797402
5541995518252
5548988669043
5535999720671
5531994482615
33988029017
5521964154212
5543999032697
5533988764344
5521964797767
5554991988661
5538992267548
5519991651702
5514991031757
5538997341003
5524988011859
5524992912486
5527988813971
5521967876657
5531989798606
5535992211434
35992298784
5524998727436
5542999222481
5521986302301
5553984590309
5511976449920
5571983440687
5567998819556
5571987218136
5521981455389
5543998668950
5512974079562
5531996560328
5511994931539
5515997254947
5511954893972
51982045530
5515997522104
5535999658214
5521971786523
5522998615102
5511952441460
5534999879967
5545998305746
5535997288426
5555984486335
5544999229741
5565996336887
5541997405454
22998552877
5521969400991
5551991625664
5511998938671
5531999437120
5531982781618
5531996100570
66999974046
5531993574843
5511963759081
5544998405992
5513997158727
5512992176328
5534998105511
5519997137108
5511974485126
5538991960750
5515988085788
5571988799995
5511996092271
5531971045863
5511972787407
5524988457701
5532999769814
5535998828521
5541999228975
5532984185909
5544999536142
5561983424278
5532984128262
5531993786534
5582998348357
5543991880477
5521988431454
35991561913
5513997747103
5534996606475
5555997200794
5514991744783
5543984741149
5521992992711
5562999841499
5581995650297
5535997042879
5571986889651
5541999025296
5535997007385
5535984191779
5516991454912
5545998577602
5511934643517
5571988179502
5516999686487
5511964912803
5511959209214
5524992773712
5591984325520
5573991510615
22998632105
5511970166873
5548991705248
5537988391953
5511966713427
5511999888795
51997929765
5541997396902
5533998250285
5565999044005
5531982052628
5531991367840
5522999023269
5533988843985
5543999783553
5512987033689
5511930040049
5511968947847
5533999580878
5531999611243
5554992074931
5551984036680
35984177334
5544998028082
5542999917564
5528999431782
5533999799787
5511959108363
5531983772510
5555996330457
5513981547799
5511942334362
5571992047918
5511972863207
5517991224050
5511949754200
5511946592964
5513974074670
5511967036640
5521999161613
5571992414544
5541999817832
5511958935456
5511954973298
51991461579
5511958007772
5531984619150
5561996059077
5513996177690
5527999531581
5535988116530
5516997535675
5512991929183
51992548761
5567999281497
5511952740346
51998044274
5564984535295
5561981792377
5511987602099
5531999799653
5531989227853
5533998204091
5532984250529
5566992367865
5545998355171
5531989185365
5522999726568
5515997352013
5544984385415
5544984385415
5521979724345
5511957743249
5511957743249
5514981820141
5538997239172
5538997239172
5538997239172
5514998306196
5514998306196
5514998306196
5541997863717
5541997863717
5571981096058
5571981096058
5565992777456
5512992049845
5547996736931
5547996736931
5511983661665
5524992593162
5541988059925
5516993409513
5511975412910
5535999909572
5511991227494
5554984386999
5512982592129
5511958997345
5535997222054
5555999170993
5533988859579
5531984389596
5521997505469
5531971374177
5511969466394
5554984291636
5511959056428
5518997279153
5571981266111
5518981227403
5511942260360
5522992562655
5535999167025
5511955589672
5515997715957
5544997468554
5521982143848
5527998574874
5527995283151
5537998558369
5521965219345
5517981728862
5517997384659
5521995701892
5522997561062
5571920006271
5518997658901
5554981387098
5511997238818
5516992887341
5571999163521
5521979192489
5551997524025
5532999626123
5566984522037
5524998259722
5535999969955
5553999316525
5561994487919
5535998691105
5524999442560
551146103215
5562981351961
5551997268852
5554981704254
5511940384963
5541997977056
5565999492528
5511934676954
5554981347743
5554984330864
5555997151566
5514991925312
5514998339394
5517997360113
5531992907654
5511953138221
5554996154705
5535998777585
5532999541171
5511960968302
5519988047120
5511973369805
5532999170397
5522999808732
5535988170599
5533987281690
5518981261990
5515996428385
5542999095524
5521969460786
5522997532525
5518998185126
5521997020945
5596981222470
5538991195726
5547999857596

